($12	0.0337674867342	0.966232513266	1
2011	0.0687622789784	0.931237721022	4
1%	0.0061011040093	0.993898895991	2
1%	0.0061011040093	0.993898895991	2
1%	0.0061011040093	0.993898895991	2
1999	0.0773521863348	0.922647813665	1
2011	0.0	1.0	4
8	0.0	1.0	2
accepted	0.264783900894	0.735216099106	1
act	0.264783900894	0.735216099106	2
advanced	0.381452859351	0.618547140649	1
agricole	1.0	0.0	1
generale	0.523497436956	0.476502563044	1
italy	0.733260153677	0.266739846323	4
amid	0.461990436223	0.538009563777	1
arab	0.941547749726	0.0584522502744	1
years	0.231752064908	0.768247935092	3
have	0.0900840436154	0.909915956385	4
avoid	0.255916692963	0.744083307037	1
big	0.3201455263	0.6798544737	1
big	0.3201455263	0.6798544737	1
big	0.3201455263	0.6798544737	1
bloc	0.415068146068	0.584931853932	1
bloc	0.358695652174	0.641304347826	1
buys	0.421240025979	0.578759974021	1
called	0.334118704611	0.665881295389	2
can	0.334118704611	0.665881295389	2
came	0.334118704611	0.665881295389	2
capital	0.334118704611	0.665881295389	3
cannes	0.334118704611	0.665881295389	1
came	0.0181440332507	0.981855966749	2
cannes	0.150497144498	0.849502855502	1
can	0.150497144498	0.849502855502	2
can	0.150497144498	0.849502855502	2
can	0.150497144498	0.849502855502	2
charting	0.354037267081	0.645962732919	1
lack	0.411936605536	0.588063394464	1
back	0.411936605536	0.588063394464	1
stock	0.411936605536	0.588063394464	3
closed	0.153981059277	0.846018940723	1
considered	0.0411004864956	0.958899513504	1
currently	0.293659167968	0.706340832032	1
currency's	0.293659167968	0.706340832032	1
current	0.293659167968	0.706340832032	1
cut	0.293659167968	0.706340832032	2
currently	0.0984606157537	0.901539384246	1
deal	0.11122783979	0.88877216021	3
deal	0.268458293047	0.731541706953	3
effect	0.268890046899	0.731109953101	2
affect	0.268890046899	0.731109953101	1
protect	0.268890046899	0.731109953101	1
there	0.216653218845	0.783346781155	1
were	0.216653218845	0.783346781155	2
recovery	0.197219416455	0.802780583545	1
torres	0.280221106548	0.719778893452	1
essentials	0.280221106548	0.719778893452	1
themselves	0.280221106548	0.719778893452	1
shares	0.280221106548	0.719778893452	1
measures	0.280221106548	0.719778893452	2
woes	0.280221106548	0.719778893452	1
economies	0.280221106548	0.719778893452	2
countries	0.280221106548	0.719778893452	3
scores	0.280221106548	0.719778893452	1
losses	0.280221106548	0.719778893452	2
headlines	0.280221106548	0.719778893452	1
rates	0.280221106548	0.719778893452	1
cannes	0.280221106548	0.719778893452	1
responses	0.280221106548	0.719778893452	1
policies	0.280221106548	0.719778893452	1
five	0.246069535531	0.753930464469	1
from	0.222173424047	0.777826575953	3
french	0.222173424047	0.777826575953	1
fridaythe	0.222173424047	0.777826575953	1
friday	0.222173424047	0.777826575953	1
from	0.0712438148596	0.92875618514	3
greek	0.935397757608	0.0646022423919	1
guide	0.599647857802	0.400352142198	1
has	0.0319590506787	0.968040949321	4
has	0.0319590506787	0.968040949321	4
has	0.0319590506787	0.968040949321	4
they	0.231526720709	0.768473279291	2
high	0.288183396008	0.711816603992	1
guide	0.248379058476	0.751620941524	1
implemented	0.164920989847	0.835079010153	1
important	0.164920989847	0.835079010153	1
imperative	0.164920989847	0.835079010153	1
implement	0.164920989847	0.835079010153	1
implemented	0.0167865707434	0.983213429257	1
domino	0.698168545917	0.301831454083	2
interest	0.128599853388	0.871400146612	2
region	0.291069761289	0.708930238711	1
organisation	0.291069761289	0.708930238711	2
recession	0.291069761289	0.708930238711	1
million	0.291069761289	0.708930238711	1
resolution	0.291069761289	0.708930238711	1
co-operation	0.291069761289	0.708930238711	1
17-nation	0.291069761289	0.708930238711	1
reaction	0.291069761289	0.708930238711	1
auction	0.291069761289	0.708930238711	4
organization	0.291069761289	0.708930238711	1
its	0.112531714642	0.887468285358	7
its	0.112531714642	0.887468285358	7
its	0.112531714642	0.887468285358	7
quickly	0.240761672898	0.759238327102	1
last	0.270501516875	0.729498483125	1
leadersbanks	0.266203409235	0.733796590765	1
leaders	0.266203409235	0.733796590765	5
least	0.266203409235	0.733796590765	1
lloyds	0.238046507635	0.761953492365	1
sell	0.238046507635	0.761953492365	1
will	0.238046507635	0.761953492365	1
fell	0.238046507635	0.761953492365	1
may	0.350180661773	0.649819338227	2
many	0.350180661773	0.649819338227	2
major	0.350180661773	0.649819338227	1
markets	0.350180661773	0.649819338227	2
market	0.350180661773	0.649819338227	1
main	0.350180661773	0.649819338227	2
matter	0.350180661773	0.649819338227	2
mackinnon	0.350180661773	0.649819338227	2
many	0.328263023433	0.671736976567	2
market	0.287782156933	0.712217843067	1
measured	0.0288909599254	0.971109040075	1
much	0.281082532352	0.718917467648	2
must	0.281082532352	0.718917467648	2
neil	0.277622621749	0.722377378251	2
cannes	0.351386013165	0.648613986835	1
headlines	0.351386013165	0.648613986835	1
recent	0.260285891359	0.739714108641	1
important	0.260285891359	0.739714108641	1
employment	0.260285891359	0.739714108641	3
went	0.260285891359	0.739714108641	1
moment	0.260285891359	0.739714108641	2
discontent	0.260285891359	0.739714108641	1
stagnant	0.260285891359	0.739714108641	1
implement	0.260285891359	0.739714108641	1
current	0.260285891359	0.739714108641	1
development	0.260285891359	0.739714108641	1
october	0.970636663008	0.0293633369923	1
avoid	0.25591491209	0.74408508791	1
decisions	0.257323638117	0.742676361883	1
perceptions	0.257323638117	0.742676361883	1
projections	0.257323638117	0.742676361883	1
options	0.257323638117	0.742676361883	1
restore	0.262724415842	0.737275584158	2
therefore	0.262724415842	0.737275584158	1
more	0.262724415842	0.737275584158	3
organisation	0.22569027611	0.77430972389	2
story	0.358515977384	0.641484022616	3
euros	0.57359098549	0.42640901451	2
perceptions	0.144876325088	0.855123674912	1
previous	0.252259091678	0.747740908322	1
promptly	0.252259091678	0.747740908322	1
protect	0.252259091678	0.747740908322	1
pre-crisis	0.252259091678	0.747740908322	2
projections	0.252259091678	0.747740908322	1
previously	0.252259091678	0.747740908322	1
predicted	0.252259091678	0.747740908322	1
projections	0.0863509749304	0.91364902507	1
raise	0.316270726692	0.683729273308	1
region	0.293583034977	0.706416965023	1
reprieve	0.285714285714	0.714285714286	2
room	0.284895756321	0.715104243679	1
royal	0.72519887693	0.27480112307	1
sharp	0.485549132948	0.514450867052	1
raise	0.283454836575	0.716545163425	1
sell	0.283454836575	0.716545163425	1
rose	0.283454836575	0.716545163425	1
those	0.283454836575	0.716545163425	1
recapitalise	0.283454836575	0.716545163425	1
second	0.283454836575	0.716545163425	1
separately	0.283454836575	0.716545163425	1
increased	0.135828685615	0.864171314385	1
generalised	0.135828685615	0.864171314385	1
closed	0.135828685615	0.864171314385	1
shares	0.295300747151	0.704699252849	1
sharp	0.295300747151	0.704699252849	1
shared	0.295300747151	0.704699252849	1
social	0.23441168736	0.76558831264	3
some	0.23441168736	0.76558831264	1
societe	0.23441168736	0.76558831264	1
also	0.23441168736	0.76558831264	5
sold	0.23441168736	0.76558831264	1
some	0.144607843137	0.855392156863	1
stiglitz:	0.157289584611	0.842710415389	1
forecasts	0.263694267516	0.736305732484	2
temporary	0.300525493538	0.699474506462	2
there	0.32229775744	0.67770224256	1
1tn	0.663368336026	0.336631663974	1
two	0.141003844348	0.858996155652	1
two	0.141003844348	0.858996155652	1
two	0.141003844348	0.858996155652	1
stiglitz:	0.956043956044	0.043956043956	1
was	0.175946937912	0.824053062088	3
way	0.175946937912	0.824053062088	1
warned	0.175946937912	0.824053062088	2
watch	0.175946937912	0.824053062088	1
went	0.0212194699463	0.978780530054	1
what	0.330539594029	0.669460405971	1
woes	0.10101010101	0.89898989899	1
next	0.237604117555	0.762395882445	2
royal	0.731069476971	0.268930523029	1
lloyds	0.452586206897	0.547413793103	1
buys	0.195644255287	0.804355744713	1
barclays	0.195644255287	0.804355744713	2
