(ilo)	0.766129032258	0.233870967742	1
-0	0.0550458715596	0.94495412844	1
-0	0.0550458715596	0.94495412844	1
-0	0.0550458715596	0.94495412844	1
1999	0.0253412776227	0.974658722377	1
5	0.0	1.0	2
8%	0.00881763527054	0.991182364729	2
8%	0.00881763527054	0.991182364729	2
8%	0.00881763527054	0.991182364729	2
lack	0.346539713788	0.653460286212	1
back	0.346539713788	0.653460286212	1
advantage	0.188708036623	0.811291963377	1
important	0.228617819931	0.771382180069	1
stagnant	0.228617819931	0.771382180069	1
appropriate	0.0399103139013	0.960089686099	2
approximately	0.133468149646	0.866531850354	1
sharp	0.398462783172	0.601537216828	1
at	0.113283496262	0.886716503738	5
that	0.113283496262	0.886716503738	7
at	0.113283496262	0.886716503738	5
at	0.113283496262	0.886716503738	5
what	0.113283496262	0.886716503738	1
auction	0.477159468439	0.522840531561	4
auction	0.504571903574	0.495428096426	4
barclays	0.149021238094	0.850978761906	2
global	0.475717258634	0.524282741366	4
october	0.631701036127	0.368298963873	1
big	0.403830574091	0.596169425909	1
borrow	0.31142162819	0.68857837181	1
borrowing	0.31142162819	0.68857837181	2
borrowing	0.157692307692	0.842307692308	2
breathing	0.36693618754	0.63306381246	1
rbs	0.530964906439	0.469035093561	1
jobs	0.530964906439	0.469035093561	4
french	0.338031254964	0.661968745036	1
charting	0.338031254964	0.661968745036	1
such	0.338031254964	0.661968745036	1
china	0.338031254964	0.661968745036	1
research	0.338031254964	0.661968745036	1
watch	0.338031254964	0.661968745036	1
much	0.338031254964	0.661968745036	2
commerzbank	1.0	0.0	1
concerns	0.0805251641138	0.919474835886	1
continue	0.433466715169	0.566533284831	2
created	0.315696006784	0.684303993216	2
cropping	0.315696006784	0.684303993216	1
crisis	0.315696006784	0.684303993216	6
credit	0.315696006784	0.684303993216	1
defaults	0.214791076051	0.785208923949	1
dilemmas	0.325119529239	0.674880470761	1
brief	0.211587791653	0.788412208347	1
effect	0.211587791653	0.788412208347	2
effect	0.0994130594277	0.900586940572	2
step	0.45270347617	0.54729652383	1
euro	0.675538656527	0.324461343473	4
expand	0.216973749245	0.783026250755	1
explained	0.216973749245	0.783026250755	1
expected	0.216973749245	0.783026250755	1
experts	0.216973749245	0.783026250755	1
fell	0.322438263105	0.677561736895	1
follow	0.139763589883	0.860236410117	1
for	0.139763589883	0.860236410117	8
forecast	0.139763589883	0.860236410117	2
forecasts	0.139763589883	0.860236410117	2
four	0.139763589883	0.860236410117	1
forcefully	0.139763589883	0.860236410117	1
g20	0.770797962649	0.229202037351	3
gdp	0.811926605505	0.188073394495	1
generally	0.0693533270853	0.930646672915	1
headlines	0.405748663102	0.594251336898	1
higher	0.128261186416	0.871738813584	1
neil	0.420528955675	0.579471044325	2
ilo	0.420528955675	0.579471044325	3
investors	0.188789381097	0.811210618903	1
japan	0.885866392696	0.114133607304	1
jumped	0.387854108539	0.612145891461	1
labour	0.397838899804	0.602161100196	2
levels	0.0877728232809	0.912227176719	3
likely	0.275502455503	0.724497544497	1
lower	0.127869474483	0.872130525517	2
levels	0.299876441516	0.700123558484	3
brussels	0.299876441516	0.700123558484	1
essentials	0.299876441516	0.700123558484	1
meeting	0.214085583291	0.785914416709	1
economic	0.581130890399	0.418869109601	3
french	0.44599665446	0.55400334554	1
resulting	0.207637091334	0.792362908666	1
climbing	0.207637091334	0.792362908666	1
having	0.207637091334	0.792362908666	2
turning	0.207637091334	0.792362908666	1
trading	0.207637091334	0.792362908666	1
charting	0.207637091334	0.792362908666	1
earlierbanking	0.207637091334	0.792362908666	1
banking	0.207637091334	0.792362908666	1
slowing	0.207637091334	0.792362908666	1
borrowing	0.207637091334	0.792362908666	2
meeting	0.207637091334	0.792362908666	1
gaining	0.207637091334	0.792362908666	1
breathing	0.207637091334	0.792362908666	1
reading	0.207637091334	0.792362908666	2
rising	0.207637091334	0.792362908666	2
cropping	0.207637091334	0.792362908666	1
being	0.207637091334	0.792362908666	1
of	0.0265563609383	0.973443639062	31
of	0.0265563609383	0.973443639062	31
of	0.0265563609383	0.973443639062	31
opportunity	0.293435473301	0.706564526699	1
options	0.293435473301	0.706564526699	1
organization	0.229889104031	0.770110895969	1
origins	0.342943854325	0.657056145675	1
previous	0.163808390884	0.836191609116	1
paribas	0.290511942598	0.709488057402	1
particularly	0.290511942598	0.709488057402	1
europe	0.268555858568	0.731444141432	2
people	0.268555858568	0.731444141432	1
per	0.268555858568	0.731444141432	1
perceptions	0.268555858568	0.731444141432	1
jumped	0.112814465409	0.887185534591	1
dropped	0.112814465409	0.887185534591	1
hoped	0.112814465409	0.887185534591	1
possibility	0.365351897922	0.634648102078	1
policymakers	0.365351897922	0.634648102078	1
policies	0.365351897922	0.634648102078	1
previous	0.218358269309	0.781641730691	1
promptly	0.0292682926829	0.970731707317	1
rates	0.174742167737	0.825257832263	1
reaction	0.0655172413793	0.934482758621	1
recent	0.382859343198	0.617140656802	1
respectively	0.063829787234	0.936170212766	1
particularly	0.168369982705	0.831630017295	1
fairly	0.168369982705	0.831630017295	1
regularly	0.168369982705	0.831630017295	1
longer-term	0.234264793784	0.765735206216	1
say	0.131441559473	0.868558440527	3
say	0.131441559473	0.868558440527	3
say	0.131441559473	0.868558440527	3
shared	0.107415619611	0.892584380389	1
slowing	0.278996144459	0.721003855541	1
slowdown	0.278996144459	0.721003855541	2
slowing	0.0207612456747	0.979238754325	1
taly's	0.337870674876	0.662129325124	1
target	0.337870674876	0.662129325124	1
take	0.337870674876	0.662129325124	3
that	0.0355055647545	0.964494435245	7
total	0.27072357811	0.72927642189	1
turned	0.490856088729	0.509143911271	1
turning	0.490856088729	0.509143911271	1
but	0.166685112835	0.833314887165	5
bailout	0.166685112835	0.833314887165	1
put	0.166685112835	0.833314887165	1
out	0.166685112835	0.833314887165	1
cut	0.166685112835	0.833314887165	2
buys	0.301438848921	0.698561151079	1
however	0.221952887726	0.778047112274	1
verge	0.221952887726	0.778047112274	1
over	0.221952887726	0.778047112274	3
weakness	0.315498154982	0.684501845018	1
what's	0.216607379121	0.783392620879	1
who	0.216607379121	0.783392620879	1
what	0.216607379121	0.783392620879	1
year	0.212275380752	0.787724619248	3
