2012	0.0357781753131	0.964221824687	3
10	0.0326422617977	0.967357738202	1
10	0.0326422617977	0.967357738202	1
10	0.0326422617977	0.967357738202	1
10-year	0.0326422617977	0.967357738202	1
1bn	0.642317380353	0.357682619647	1
1bn	0.0	1.0	1
1bn	0.0	1.0	1
1bn	0.0	1.0	1
2%	0.0105977108944	0.989402289106	3
2%	0.0105977108944	0.989402289106	3
2%	0.0105977108944	0.989402289106	3
2012	0.0468085106383	0.953191489362	3
2011	0.0468085106383	0.953191489362	4
2012	0.0	1.0	3
86%	0.00574712643678	0.994252873563	1
86%	0.00574712643678	0.994252873563	1
86%	0.00574712643678	0.994252873563	1
9	0.0	1.0	1
a	0.0764078605481	0.923592139452	13
place	0.317035331192	0.682964668808	1
face	0.317035331192	0.682964668808	1
advanced	0.307034370903	0.692965629097	1
had	0.307034370903	0.692965629097	4
advantage	0.307034370903	0.692965629097	1
against	0.128393282229	0.871606717771	1
half	0.197921293417	0.802078706583	1
same	0.473078070282	0.526921929718	1
came	0.473078070282	0.526921929718	2
can	0.156087300023	0.843912699977	2
announced	0.156087300023	0.843912699977	2
an	0.156087300023	0.843912699977	3
plan	0.156087300023	0.843912699977	1
an	0.156087300023	0.843912699977	3
and	0.156087300023	0.843912699977	16
an	0.156087300023	0.843912699977	3
than	0.156087300023	0.843912699977	2
italian	0.156087300023	0.843912699977	2
japan	0.156087300023	0.843912699977	1
european	0.156087300023	0.843912699977	1
anger	0.156087300023	0.843912699977	1
any	0.156087300023	0.843912699977	1
analysis	0.156087300023	0.843912699977	1
scotland	0.0491285761875	0.950871423813	1
expand	0.0491285761875	0.950871423813	1
and	0.0491285761875	0.950871423813	16
eurosand	0.0491285761875	0.950871423813	1
and	0.0491285761875	0.950871423813	16
and	0.0491285761875	0.950871423813	16
announced	0.561469019286	0.438530980714	2
start	0.351199589427	0.648800410573	1
banks	0.219512195122	0.780487804878	4
barclays	1.0	0.0	2
being	0.0814442593795	0.918555740621	1
benchmark	0.205387205387	0.794612794613	1
unsustainable	0.185182738362	0.814817261638	1
bloc	0.391348673401	0.608651326599	1
bold	0.42689592348	0.57310407652	1
bold	0.172516803585	0.827483196415	1
brief	0.453306605856	0.546693394144	1
closed	0.380391666697	0.619608333303	1
climbing	0.380391666697	0.619608333303	1
countries	0.203648492193	0.796351507807	3
country	0.203648492193	0.796351507807	1
credit	0.251783718731	0.748216281269	1
rescue	0.294320137694	0.705679862306	1
currency's	0.0	1.0	1
day	0.390846392844	0.609153607156	3
double-dip	0.31591873186	0.68408126814	1
discontent	0.1125	0.8875	1
dramatically	0.0314569536424	0.968543046358	1
due	0.310040064582	0.689959935418	1
fell	0.313587293979	0.686412706021	1
sell	0.313587293979	0.686412706021	1
discontent	0.269879599854	0.730120400146	1
recent	0.269879599854	0.730120400146	1
implement	0.269879599854	0.730120400146	1
moment	0.269879599854	0.730120400146	2
went	0.269879599854	0.730120400146	1
development	0.269879599854	0.730120400146	1
current	0.269879599854	0.730120400146	1
employment	0.269879599854	0.730120400146	3
meet	0.299446908957	0.700553091043	2
net	0.299446908957	0.700553091043	1
get	0.299446908957	0.700553091043	1
target	0.299446908957	0.700553091043	1
market	0.299446908957	0.700553091043	1
examined	0.00144717800289	0.998552821997	1
next	0.195156191395	0.804843808605	2
external	0.195156191395	0.804843808605	1
financial	0.249129604672	0.750870395328	1
final	0.249129604672	0.750870395328	1
first	0.249129604672	0.750870395328	1
fiscal	0.249129604672	0.750870395328	1
five	0.249129604672	0.750870395328	1
financial	0.266363856417	0.733636143583	1
final	0.266363856417	0.733636143583	1
forecasts	0.0985742548861	0.901425745114	2
forcefully	0.0985742548861	0.901425745114	1
for	0.0985742548861	0.901425745114	8
for	0.0985742548861	0.901425745114	8
forecast	0.0985742548861	0.901425745114	2
for	0.0985742548861	0.901425745114	8
forecast	0.519883608147	0.480116391853	2
french	0.382986120642	0.617013879358	1
from	0.0844453872262	0.915554612774	3
germany	0.851051401869	0.148948598131	1
high	0.210153325013	0.789846674987	1
global	0.465503276636	0.534496723364	4
group	0.349926992802	0.650073007198	2
greek	0.349926992802	0.650073007198	1
greece	0.349926992802	0.650073007198	1
growth	0.349926992802	0.650073007198	9
group	0.391397760608	0.608602239392	2
guarantee	0.404985664224	0.595014335776	1
what	0.113141587637	0.886858412363	1
that	0.113141587637	0.886858412363	7
hoped	0.35182231812	0.64817768188	1
double-dip	0.435474319554	0.564525680446	1
risk	0.221342346692	0.778657653308	1
italy	0.836212030971	0.163787969029	4
jobs	0.545347366	0.454652634	4
jumped	0.00998336106489	0.990016638935	1
labour	0.252892561983	0.747107438017	2
least	0.0161187698834	0.983881230117	1
levels	0.240066902063	0.759933097937	3
lloyds	0.674963157033	0.325036842967	1
generally	0.114457934679	0.885542065321	1
dramatically	0.114457934679	0.885542065321	1
rally	0.114457934679	0.885542065321	1
forcefully	0.114457934679	0.885542065321	1
losses	0.0695754716981	0.930424528302	2
major	0.144084600132	0.855915399868	1
many	0.14262213889	0.85737786111	2
markets	0.326072386059	0.673927613941	2
may	0.247149884757	0.752850115243	2
may	0.247149884757	0.752850115243	2
may	0.247149884757	0.752850115243	2
measured	0.148736349454	0.851263650546	1
meanwhile	0.148736349454	0.851263650546	1
measures	0.148736349454	0.851263650546	2
meet	0.188009313155	0.811990686845	2
must	0.17293354507	0.82706645493	2
china	0.540767625442	0.459232374558	1
net	0.514708745325	0.485291254675	1
net	0.514708745325	0.485291254675	1
net	0.514708745325	0.485291254675	1
next	0.225452064142	0.774547935858	2
bank	0.332817603576	0.667182396424	1
commerzbank	0.332817603576	0.667182396424	1
not	0.10461849395	0.89538150605	2
not	0.10461849395	0.89538150605	2
not	0.10461849395	0.89538150605	2
noted	0.10461849395	0.89538150605	1
stock	0.372168064943	0.627831935057	3
woes	0.171594531119	0.828405468881	1
rose	0.171726535342	0.828273464658	1
those	0.171726535342	0.828273464658	1
not	0.13724304975	0.86275695025	2
people	0.116531291096	0.883468708904	1
per	0.206574922398	0.793425077602	1
per	0.206574922398	0.793425077602	1
per	0.206574922398	0.793425077602	1
deeper	0.206574922398	0.793425077602	1
perceptions	0.206574922398	0.793425077602	1
place	0.286817959855	0.713182040145	1
plan	0.286817959855	0.713182040145	1
place	0.145415162455	0.854584837545	1
plan	0.232045677581	0.767954322419	1
possibility	0.0690387679235	0.930961232076	1
previous	0.27816760131	0.72183239869	1
previously	0.27816760131	0.72183239869	1
predicted	0.27816760131	0.72183239869	1
pre-crisis	0.27816760131	0.72183239869	2
protect	0.217512003264	0.782487996736	1
projections	0.217512003264	0.782487996736	1
promptly	0.217512003264	0.782487996736	1
rates	0.262569705762	0.737430294238	1
rather	0.262569705762	0.737430294238	1
rate	0.262569705762	0.737430294238	2
rbs	0.63476990504	0.36523009496	1
rbs	0.63476990504	0.36523009496	1
rbs	0.63476990504	0.36523009496	1
research	0.471416576464	0.528583423536	1
reprieve	0.297209982758	0.702790017242	2
report	0.297209982758	0.702790017242	1
said	0.102540545608	0.897459454392	10
said	0.0202712052027	0.979728794797	10
scores	0.26225334182	0.73774665818	1
social	0.411562884064	0.588437115936	3
stalled	0.126582278481	0.873417721519	1
story	0.191926884996	0.808073115004	3
suggested	0.165634035523	0.834365964477	1
sustainability	0.516620816139	0.483379183861	1
target	0.489868433689	0.510131566311	1
terms	0.303362070567	0.696637929433	2
debate	0.303362070567	0.696637929433	1
societe	0.303362070567	0.696637929433	1
rate	0.303362070567	0.696637929433	2
quote	0.303362070567	0.696637929433	1
highdespite	0.303362070567	0.696637929433	1
appropriate	0.303362070567	0.696637929433	2
temporary	0.303362070567	0.696637929433	2
ignite	0.303362070567	0.696637929433	1
predicted	0.291035074682	0.708964925318	1
heavily-indebted	0.291035074682	0.708964925318	1
expected	0.291035074682	0.708964925318	1
noted	0.291035074682	0.708964925318	1
created	0.291035074682	0.708964925318	2
accepted	0.291035074682	0.708964925318	1
implemented	0.291035074682	0.708964925318	1
suggested	0.291035074682	0.708964925318	1
than	0.077977651726	0.922022348274	2
that	0.077977651726	0.922022348274	7
than	0.0222521520173	0.977747847983	2
those	0.0854740061162	0.914525993884	1
thursday	0.703859292771	0.296140707229	3
to	0.060286308033	0.939713691967	33
to	0.060286308033	0.939713691967	33
to	0.060286308033	0.939713691967	33
torres	0.060286308033	0.939713691967	1
total	0.060286308033	0.939713691967	1
trading	0.324285006387	0.675714993613	1
treasury	0.822666666667	0.177333333333	1
truth	0.341324139417	0.658675860583	2
truth	0.217601760176	0.782398239824	2
turned	0.436596725405	0.563403274595	1
turning	0.436596725405	0.563403274595	1
opportunity	0.373288098581	0.626711901419	1
ability	0.373288098581	0.626711901419	1
austerity	0.373288098581	0.626711901419	1
possibility	0.373288098581	0.626711901419	1
sustainability	0.373288098581	0.626711901419	1
unsustainable	0.327897002761	0.672102997239	1
begun	0.327897002761	0.672102997239	1
unrest	0.327897002761	0.672102997239	3
under	0.327897002761	0.672102997239	1
under	0.137304920163	0.862695079837	1
fund	0.137304920163	0.862695079837	1
background	0.137304920163	0.862695079837	1
unrest	0.0531914893617	0.946808510638	3
truth	0.583134684148	0.416865315852	2
verge	0.0793650793651	0.920634920635	1
way	0.141027605336	0.858972394664	1
way	0.141027605336	0.858972394664	1
way	0.141027605336	0.858972394664	1
weakness	0.261088672324	0.738911327676	1
would	0.0341885580495	0.965811441951	2
