1999	0.0	1.0	1
2	0.0	1.0	2
5%	0.00667986145473	0.993320138545	2
5%	0.00667986145473	0.993320138545	2
5%	0.00667986145473	0.993320138545	2
86%	0.0449492508458	0.955050749154	1
ability	0.180629770992	0.819370229008	1
after	0.259999256561	0.740000743439	1
ago	0.250851513191	0.749148486809	1
against	0.250851513191	0.749148486809	1
agreed	0.250851513191	0.749148486809	1
agricole	0.250851513191	0.749148486809	1
also	0.192504511631	0.807495488369	5
essentials	0.192504511631	0.807495488369	1
analysis	0.335729788388	0.664270211612	1
anger	0.573530857723	0.426469142277	1
austerity	0.1	0.9	1
bailout	0.544166181324	0.455833818676	1
bailout	0.220338983051	0.779661016949	1
paribas	0.229350940576	0.770649059424	1
been	0.0664650046939	0.933534995306	1
been	0.0136132875198	0.98638671248	1
best	0.384754662321	0.615245337679	2
7%bnp	0.978417266187	0.0215827338129	1
body	0.327851922466	0.672148077534	1
brief	0.273349937733	0.726650062267	1
business	0.400624005435	0.599375994565	1
business	0.355088075022	0.644911924978	1
glance	0.335966017452	0.664033982548	1
since	0.335966017452	0.664033982548	1
face	0.335966017452	0.664033982548	1
greece	0.335966017452	0.664033982548	1
place	0.335966017452	0.664033982548	1
confidence	0.335966017452	0.664033982548	3
announced	0.127094672363	0.872905327637	2
faced	0.127094672363	0.872905327637	1
advanced	0.127094672363	0.872905327637	1
charting	0.323129213609	0.676870786391	1
considered	0.28545113706	0.71454886294	1
cost	0.28545113706	0.71454886294	1
commerzbank	0.28545113706	0.71454886294	1
concerns	0.28545113706	0.71454886294	1
continue	0.28545113706	0.71454886294	2
co-operation	0.28545113706	0.71454886294	1
country	0.28545113706	0.71454886294	1
contain	0.28545113706	0.71454886294	1
confidence	0.28545113706	0.71454886294	3
countries	0.28545113706	0.71454886294	3
continue	0.257740665785	0.742259334215	2
concerns	0.257740665785	0.742259334215	1
considered	0.257740665785	0.742259334215	1
contain	0.257740665785	0.742259334215	1
confidence	0.257740665785	0.742259334215	3
current	0.277248841403	0.722751158597	1
currently	0.277248841403	0.722751158597	1
currency's	0.277248841403	0.722751158597	1
decisively	0.603216340157	0.396783659843	1
decisions	0.603216340157	0.396783659843	1
dilemmas	0.141414141414	0.858585858586	1
discontent	0.252293793082	0.747706206918	1
domino	0.395814465002	0.604185534998	2
window	0.282137019801	0.717862980199	1
down	0.282137019801	0.717862980199	1
down	0.113364978121	0.886635021879	1
dropped	0.0382317801673	0.961768219833	1
economies	0.713669950739	0.286330049261	2
economy	0.713669950739	0.286330049261	2
economic	0.713669950739	0.286330049261	3
oecd	0.838235294118	0.161764705882	5
their	0.0392438421435	0.960756157857	2
separately	0.0837591366313	0.916240863369	1
respectively	0.0837591366313	0.916240863369	1
approximately	0.0837591366313	0.916240863369	1
decisively	0.0837591366313	0.916240863369	1
likely	0.0837591366313	0.916240863369	1
employment	0.238183630541	0.761816369459	3
leaders	0.275046981626	0.724953018374	5
policymakers	0.275046981626	0.724953018374	1
reprieve	0.210387462393	0.789612537607	2
new	0.363274480589	0.636725519411	2
four	0.208788277851	0.791211722149	1
gaining	0.420320546201	0.579679453799	1
get	0.234972264484	0.765027735516	1
get	0.234972264484	0.765027735516	1
get	0.234972264484	0.765027735516	1
target	0.234972264484	0.765027735516	1
glance	0.226244343891	0.773755656109	1
guarantee	0.460339930064	0.539660069936	1
guide	0.460339930064	0.539660069936	1
begun	0.386665636588	0.613334363412	1
have	0.0329911158999	0.9670088841	4
financial	0.298289696532	0.701710303468	1
social	0.298289696532	0.701710303468	3
origins	0.267555672338	0.732444327662	1
pre-crisis	0.113265244004	0.886734755996	2
analysis	0.113265244004	0.886734755996	1
this	0.113265244004	0.886734755996	4
is	0.113265244004	0.886734755996	7
is	0.113265244004	0.886734755996	7
is	0.113265244004	0.886734755996	7
crisis	0.113265244004	0.886734755996	6
jobs	0.427743018465	0.572256981535	4
last	0.350719771812	0.649280228188	1
half	0.224529884347	0.775470115653	1
likely	0.0808851762018	0.919114823798	1
(ilo)	0.758928571429	0.241071428571	1
lost	0.192676906199	0.807323093801	1
markets	0.552207987235	0.447792012765	2
market	0.552207987235	0.447792012765	1
measured	0.245072226316	0.754927773684	1
some	0.245072226316	0.754927773684	1
came	0.245072226316	0.754927773684	2
message	0.245072226316	0.754927773684	1
timesome	0.245072226316	0.754927773684	1
meeting	0.245072226316	0.754927773684	1
same	0.245072226316	0.754927773684	1
measures	0.245072226316	0.754927773684	2
meanwhile	0.245072226316	0.754927773684	1
meet	0.245072226316	0.754927773684	2
most	0.28018001777	0.71981998223	2
more	0.28018001777	0.71981998223	3
moment	0.28018001777	0.71981998223	2
month	0.28018001777	0.71981998223	1
month	0.36522597836	0.63477402164	1
month	0.153802367942	0.846197632058	1
economy	0.255056380571	0.744943619429	2
since	0.296404356027	0.703595643973	1
glance	0.296404356027	0.703595643973	1
confidence	0.296404356027	0.703595643973	3
second	0.0853258158235	0.914674184177	1
eurosand	0.0853258158235	0.914674184177	1
and	0.0853258158235	0.914674184177	16
expand	0.0853258158235	0.914674184177	1
fund	0.0853258158235	0.914674184177	1
scotland	0.0853258158235	0.914674184177	1
raymond	0.0853258158235	0.914674184177	1
background	0.0853258158235	0.914674184177	1
new	0.397000210073	0.602999789927	2
new	0.397000210073	0.602999789927	2
new	0.397000210073	0.602999789927	2
month	0.172232754849	0.827767245151	1
bloc	0.593601941374	0.406398058626	1
october	0.593601941374	0.406398058626	1
october	0.991501416431	0.00849858356941	1
agricole	0.225417062254	0.774582937746	1
from	0.144876959141	0.855123040859	3
room	0.144876959141	0.855123040859	1
only	0.098509969736	0.901490030264	2
options	0.157224532225	0.842775467775	1
origins	0.299152351662	0.700847648338	1
investors	0.257221584386	0.742778415614	1
group	0.396629419308	0.603370580692	2
over	0.16922145059	0.83077854941	3
owed	0.265170126599	0.734829873401	1
follow	0.265170126599	0.734829873401	1
window	0.265170126599	0.734829873401	1
own	0.265170126599	0.734829873401	1
borrow	0.265170126599	0.734829873401	1
own	0.117142813251	0.882857186749	1
own	0.117142813251	0.882857186749	1
down	0.117142813251	0.882857186749	1
own	0.117142813251	0.882857186749	1
slowdown	0.117142813251	0.882857186749	2
plan	0.33118313186	0.66881686814	1
place	0.33118313186	0.66881686814	1
quickly	0.211052973776	0.788947026224	1
quote	0.211052973776	0.788947026224	1
report	0.350708873136	0.649291126864	1
shares	0.241615448351	0.758384551649	1
resolution	0.241615448351	0.758384551649	1
results	0.241615448351	0.758384551649	1
scores	0.241615448351	0.758384551649	1
restore	0.241615448351	0.758384551649	2
responses	0.241615448351	0.758384551649	1
rescue	0.241615448351	0.758384551649	1
respectively	0.241615448351	0.758384551649	1
measures	0.241615448351	0.758384551649	2
resulting	0.241615448351	0.758384551649	1
torres	0.241615448351	0.758384551649	1
research	0.241615448351	0.758384551649	1
euros	0.646792189679	0.353207810321	2
rose	0.646792189679	0.353207810321	1
start	0.348637710664	0.651362289336	1
report	0.348637710664	0.651362289336	1
scotland	0.90159901599	0.0984009840098	1
single	0.257307828293	0.742692171707	1
since	0.257307828293	0.742692171707	1
since	0.280124103161	0.719875896839	1
single	0.280124103161	0.719875896839	1
since	0.21163003663	0.78836996337	1
societe	0.571428571429	0.428571428571	1
weakness	0.356787014202	0.643212985798	1
loss	0.356787014202	0.643212985798	3
business	0.356787014202	0.643212985798	1
stiglitz:	1.0	0.0	1
what's	0.469065622468	0.530934377532	1
take	0.151225452096	0.848774547904	3
month	0.154356293983	0.845643706017	1
their	0.154356293983	0.845643706017	2
this	0.154356293983	0.845643706017	4
the	0.154356293983	0.845643706017	67
higherwith	0.154356293983	0.845643706017	1
those	0.154356293983	0.845643706017	1
than	0.154356293983	0.845643706017	2
truth	0.154356293983	0.845643706017	2
thrashed	0.154356293983	0.845643706017	1
with	0.154356293983	0.845643706017	3
they	0.154356293983	0.845643706017	2
that	0.154356293983	0.845643706017	7
both	0.154356293983	0.845643706017	1
growth	0.154356293983	0.845643706017	9
there	0.154356293983	0.845643706017	1
therefore	0.154356293983	0.845643706017	1
thursday	0.154356293983	0.845643706017	3
themselves	0.154356293983	0.845643706017	1
their	0.035473586838	0.964526413162	2
this	0.298041525192	0.701958474808	4
timesome	0.219833975689	0.780166024311	1
truth	0.302986111605	0.697013888395	2
treasury	0.302986111605	0.697013888395	1
trading	0.302986111605	0.697013888395	1
much	0.0816996630387	0.918300336961	2
such	0.0816996630387	0.918300336961	1
unsustainable	0.0188679245283	0.981132075472	1
warned	0.453570719439	0.546429280561	2
were	0.342623434938	0.657376565062	2
week	0.342623434938	0.657376565062	1
we	0.342623434938	0.657376565062	4
we	0.342623434938	0.657376565062	4
we	0.342623434938	0.657376565062	4
went	0.342623434938	0.657376565062	1
weakness	0.342623434938	0.657376565062	1
owed	0.357309049061	0.642690950939	1
went	0.167706865311	0.832293134689	1
what's	0.35016871431	0.64983128569	1
what	0.35016871431	0.64983128569	1
will	0.0414333260259	0.958566673974	1
with	0.0694360610932	0.930563938907	3
two	0.192671485533	0.807328514467	1
woes	0.192671485533	0.807328514467	1
would	0.192671485533	0.807328514467	2
work	0.192671485533	0.807328514467	1
world	0.192671485533	0.807328514467	2
stiglitz:	0.658064516129	0.341935483871	1
