06%	0.0434782608696	0.95652173913	1
06%	0.0434782608696	0.95652173913	1
06%	0.0434782608696	0.95652173913	1
1	0.0	1.0	7
2012	0.0683294663573	0.931670533643	3
($12	0.0683294663573	0.931670533643	1
17-nation	0.167883211679	0.832116788321	1
accepted	0.135234899329	0.864765100671	1
affect	0.373222228082	0.626777771918	1
after	0.373222228082	0.626777771918	1
affect	0.0811997073884	0.918800292612	1
announced	0.103287479599	0.896712520401	2
appropriate	0.349287419972	0.650712580028	2
approximately	0.349287419972	0.650712580028	1
area	0.247123045146	0.752876954854	1
austerity	0.850427813278	0.149572186722	1
barclays	0.468875574053	0.531124425947	2
benchmark	0.132921223882	0.867078776118	1
being	0.132921223882	0.867078776118	1
begun	0.132921223882	0.867078776118	1
be	0.132921223882	0.867078776118	4
be	0.132921223882	0.867078776118	4
be	0.132921223882	0.867078776118	4
been	0.132921223882	0.867078776118	1
best	0.132921223882	0.867078776118	2
begun	0.0338809034908	0.966119096509	1
benchmark	0.480562702763	0.519437297237	1
5bn)	0.351851851852	0.648148148148	1
bold	0.362885870161	0.637114129839	1
body	0.362885870161	0.637114129839	1
bonds	0.362885870161	0.637114129839	1
borrowing	0.362885870161	0.637114129839	2
borrow	0.362885870161	0.637114129839	1
both	0.362885870161	0.637114129839	1
body	0.270536861033	0.729463138967	1
bonds	0.425240187322	0.574759812678	1
borrow	0.109913793103	0.890086206897	1
both	0.126500017192	0.873499982808	1
brussels	0.595748665605	0.404251334395	1
burden	0.545122989018	0.454877010982	1
by	0.0911203904816	0.908879609518	2
by	0.0911203904816	0.908879609518	2
by	0.0911203904816	0.908879609518	2
oecd	0.879191381189	0.120808618811	5
climbing	0.209580838323	0.790419161677	1
commerzbank	0.226327925394	0.773672074606	1
debate	0.287524564613	0.712475435387	1
debt	0.287524564613	0.712475435387	6
decisions	0.122498779893	0.877501220107	1
development	0.287889565057	0.712110434943	1
greek	0.316727342403	0.683272657597	1
week	0.316727342403	0.683272657597	1
eurozone	0.320754716981	0.679245283019	8
face	0.26813635163	0.73186364837	1
fairly	0.26813635163	0.73186364837	1
faced	0.26813635163	0.73186364837	1
failed	0.26813635163	0.73186364837	2
face	0.208808232821	0.791191767179	1
faced	0.0709459459459	0.929054054054	1
fairly	0.021164021164	0.978835978836	1
fell	0.0989090909091	0.901090909091	1
fund	0.204354787786	0.795645212214	1
future	0.204354787786	0.795645212214	1
fund	0.155474089344	0.844525910656	1
fund	0.358216692587	0.641783307413	1
future	0.215363759602	0.784636240398	1
growth	0.180252986648	0.819747013352	9
half	0.447439457041	0.552560542959	1
having	0.0453836510991	0.954616348901	2
have	0.0453836510991	0.954616348901	4
having	0.133999043291	0.866000956709	2
higher	0.181484849316	0.818515150684	1
rather	0.181484849316	0.818515150684	1
highdespite	0.264525738763	0.735474261237	1
higher	0.264525738763	0.735474261237	1
higherwith	0.264525738763	0.735474261237	1
high	0.264525738763	0.735474261237	1
highest	0.264525738763	0.735474261237	1
investors	0.193233571893	0.806766428107	1
their	0.243853412585	0.756146587415	2
unsustainable	0.269755344063	0.730244655937	1
meanwhile	0.269755344063	0.730244655937	1
generale	0.269755344063	0.730244655937	1
least	0.269755344063	0.730244655937	1
people	0.269755344063	0.730244655937	1
leadersbanks	0.269755344063	0.730244655937	1
leaders	0.269755344063	0.730244655937	5
single	0.269755344063	0.730244655937	1
agricole	0.269755344063	0.730244655937	1
levels	0.269755344063	0.730244655937	3
called	0.157860870178	0.842139129822	2
failed	0.157860870178	0.842139129822	2
stalled	0.157860870178	0.842139129822	1
losses	0.274999466545	0.725000533455	2
longer-term	0.274999466545	0.725000533455	1
lost	0.274999466545	0.725000533455	1
lower	0.274999466545	0.725000533455	2
loss	0.274999466545	0.725000533455	3
ilo	0.274999466545	0.725000533455	3
longer-term	0.317221022318	0.682778977682	1
loss	0.332172095454	0.667827904546	3
defaults	0.284287840238	0.715712159762	1
results	0.284287840238	0.715712159762	1
rally	0.153404971703	0.846595028297	1
previously	0.153404971703	0.846595028297	1
particularly	0.153404971703	0.846595028297	1
separately	0.153404971703	0.846595028297	1
likely	0.153404971703	0.846595028297	1
quickly	0.153404971703	0.846595028297	1
generally	0.153404971703	0.846595028297	1
approximately	0.153404971703	0.846595028297	1
respectively	0.153404971703	0.846595028297	1
promptly	0.153404971703	0.846595028297	1
italy	0.153404971703	0.846595028297	4
dramatically	0.153404971703	0.846595028297	1
forcefully	0.153404971703	0.846595028297	1
regularly	0.153404971703	0.846595028297	1
decisively	0.153404971703	0.846595028297	1
only	0.153404971703	0.846595028297	2
fairly	0.153404971703	0.846595028297	1
currently	0.153404971703	0.846595028297	1
message	0.201527898656	0.798472101344	1
moment	0.280539136665	0.719460863335	2
much	0.0753381793674	0.924661820633	2
negative	0.0601900739176	0.939809926082	1
only	0.0985593815882	0.901440618412	2
bold	0.229689832755	0.770310167245	1
sold	0.229689832755	0.770310167245	1
only	0.203449454849	0.796550545151	2
opportunity	0.0740476530175	0.925952346982	1
options	0.17886151908	0.82113848092	1
over	0.242834198171	0.757165801829	3
paid	0.343539648803	0.656460351197	1
particularly	0.343539648803	0.656460351197	1
paribas	0.343539648803	0.656460351197	1
japan	0.535750524251	0.464249475749	1
policymakers	0.0252100840336	0.974789915966	1
pre-crisis	1.0	0.0	2
protect	0.25409556314	0.74590443686	1
put	0.242779446918	0.757220553082	1
arab	0.673910231535	0.326089768465	1
rally	0.360365427884	0.639634572116	1
recession	0.301570680628	0.698429319372	1
recovery	0.432621020497	0.567378979503	1
rescue	0.370389344262	0.629610655738	1
rising	0.395522926412	0.604477073588	2
risk	0.395522926412	0.604477073588	1
concerns	0.269573473561	0.730426526439	1
leaders	0.284769551925	0.715230448075	5
years	0.284769551925	0.715230448075	3
investors	0.284769551925	0.715230448075	1
policymakers	0.284769551925	0.715230448075	1
shared	0.30893953109	0.69106046891	1
sharp	0.30893953109	0.69106046891	1
shares	0.30893953109	0.69106046891	1
watch	0.339931077141	0.660068922859	1
temporary	0.14484007242	0.85515992758	2
step	0.295635552724	0.704364447276	1
trading	0.689138051857	0.310861948143	1
turning	0.160241874528	0.839758125472	1
up	0.187524652943	0.812475347057	2
up	0.187524652943	0.812475347057	2
up	0.187524652943	0.812475347057	2
group	0.187524652943	0.812475347057	2
verge	0.203241564108	0.796758435892	1
five	0.203241564108	0.796758435892	1
reprieve	0.203241564108	0.796758435892	2
negative	0.203241564108	0.796758435892	1
imperative	0.203241564108	0.796758435892	1
have	0.203241564108	0.796758435892	4
down	0.152572507043	0.847427492957	1
own	0.152572507043	0.847427492957	1
slowdown	0.152572507043	0.847427492957	2
growth	0.189008480104	0.810991519896	9
years	0.150584085989	0.849415914011	3
year	0.150584085989	0.849415914011	3
