10-year	0.0173913043478	0.982608695652	1
3	0.0	1.0	4
50%	0.0394495786345	0.960550421365	1
5bn	0.703448275862	0.296551724138	1
5bn)	0.703448275862	0.296551724138	1
5bn)	0.0754716981132	0.924528301887	1
5bn	0.0754716981132	0.924528301887	1
5bn	0.0754716981132	0.924528301887	1
5bn	0.0754716981132	0.924528301887	1
6%	0.00580168776371	0.994198312236	6
6%	0.00580168776371	0.994198312236	6
6%	0.00580168776371	0.994198312236	6
86%	0.00580168776371	0.994198312236	1
06%	0.00580168776371	0.994198312236	1
1999	0.0223921354451	0.977607864555	1
affect	0.260746902449	0.739253097551	1
against	0.10057033147	0.89942966853	1
message	0.280396173346	0.719603826654	1
advantage	0.280396173346	0.719603826654	1
ago	0.153264787469	0.846735212531	1
ago	0.153264787469	0.846735212531	1
ago	0.153264787469	0.846735212531	1
also	0.0661540747344	0.933845925266	5
amid	0.57662236122	0.42337763878	1
amid	0.247357293869	0.752642706131	1
approximately	0.206085163344	0.793914836656	1
appropriate	0.206085163344	0.793914836656	2
year	0.219060119147	0.780939880853	3
arab	0.219060119147	0.780939880853	1
10-year	0.219060119147	0.780939880853	1
area	0.219060119147	0.780939880853	1
avoid	0.19176387416	0.80823612584	1
back	0.195637774413	0.804362225587	1
but	0.221474876095	0.778525123905	5
but	0.221474876095	0.778525123905	5
but	0.221474876095	0.778525123905	5
buys	0.10332103321	0.89667896679	1
stocks	0.36083251393	0.63916748607	1
cost	0.159385198442	0.840614801558	1
current	0.20205070139	0.79794929861	1
debt	0.279576727146	0.720423272854	6
debate	0.279576727146	0.720423272854	1
decisively	0.279576727146	0.720423272854	1
deal	0.279576727146	0.720423272854	3
guide	0.279576727146	0.720423272854	1
decisions	0.279576727146	0.720423272854	1
development	0.279576727146	0.720423272854	1
deeper	0.279576727146	0.720423272854	1
defaults	0.279576727146	0.720423272854	1
needed	0.113627768206	0.886372231794	2
ended	0.113627768206	0.886372231794	1
deeper	0.142259414226	0.857740585774	1
burden	0.474992107518	0.525007892482	1
development	0.378620296465	0.621379703535	1
credit	0.30956748407	0.69043251593	1
double-dip	0.210317681483	0.789682318517	1
down	0.210317681483	0.789682318517	1
domino	0.210317681483	0.789682318517	2
dramatically	0.262871304409	0.737128695591	1
body	0.351730005672	0.648269994328	1
greece	0.168041737442	0.831958262558	1
economy	0.371802459394	0.628197540606	2
economies	0.371802459394	0.628197540606	2
economic	0.371802459394	0.628197540606	3
economic	0.306444683136	0.693555316864	3
owed	0.188680904619	0.811319095381	1
dropped	0.188680904619	0.811319095381	1
closed	0.188680904619	0.811319095381	1
measured	0.188680904619	0.811319095381	1
advanced	0.188680904619	0.811319095381	1
implemented	0.188680904619	0.811319095381	1
considered	0.188680904619	0.811319095381	1
stalled	0.188680904619	0.811319095381	1
examined	0.188680904619	0.811319095381	1
jumped	0.188680904619	0.811319095381	1
suggested	0.188680904619	0.811319095381	1
agreed	0.188680904619	0.811319095381	1
created	0.188680904619	0.811319095381	2
reached	0.188680904619	0.811319095381	3
noted	0.188680904619	0.811319095381	1
hoped	0.188680904619	0.811319095381	1
failed	0.188680904619	0.811319095381	2
needed	0.188680904619	0.811319095381	2
called	0.188680904619	0.811319095381	2
thrashed	0.188680904619	0.811319095381	1
generalised	0.188680904619	0.811319095381	1
warned	0.188680904619	0.811319095381	2
shared	0.188680904619	0.811319095381	1
turned	0.188680904619	0.811319095381	1
predicted	0.188680904619	0.811319095381	1
ended	0.188680904619	0.811319095381	1
engineered	0.188680904619	0.811319095381	2
need	0.188680904619	0.811319095381	1
heavily-indebted	0.188680904619	0.811319095381	1
increased	0.188680904619	0.811319095381	1
explained	0.188680904619	0.811319095381	1
expected	0.188680904619	0.811319095381	1
faced	0.188680904619	0.811319095381	1
accepted	0.188680904619	0.811319095381	1
announced	0.188680904619	0.811319095381	2
been	0.237330200471	0.762669799529	1
engineered	0.237330200471	0.762669799529	2
ended	0.237330200471	0.762669799529	1
burden	0.237330200471	0.762669799529	1
ended	0.191347041432	0.808652958568	1
essentials	0.304779820572	0.695220179428	1
business	0.304779820572	0.695220179428	1
weakness	0.304779820572	0.695220179428	1
expand	0.218171838081	0.781828161919	1
external	0.218171838081	0.781828161919	1
experts	0.218171838081	0.781828161919	1
examined	0.218171838081	0.781828161919	1
explained	0.218171838081	0.781828161919	1
expected	0.218171838081	0.781828161919	1
experts	0.267578125	0.732421875	1
external	0.178207381371	0.821792618629	1
fell	0.283650105591	0.716349894409	1
financial	0.37551975052	0.62448024948	1
first	0.222265302166	0.777734697834	1
follow	0.126037100814	0.873962899186	1
follow	0.179276885757	0.820723114243	1
friday	0.449026179908	0.550973820092	1
fridaythe	0.449026179908	0.550973820092	1
friday	0.974973488865	0.0250265111347	1
g20	0.986149584488	0.0138504155125	3
g20	0.986149584488	0.0138504155125	3
g20	0.986149584488	0.0138504155125	3
glossary	0.376348839546	0.623651160454	1
global	0.376348839546	0.623651160454	4
glance	0.376348839546	0.623651160454	1
greece	0.771523178808	0.228476821192	1
had	0.150913048831	0.849086951169	4
half	0.150913048831	0.849086951169	1
having	0.150913048831	0.849086951169	2
have	0.150913048831	0.849086951169	4
has	0.150913048831	0.849086951169	4
had	0.0287271424076	0.971272857592	4
had	0.0287271424076	0.971272857592	4
had	0.0287271424076	0.971272857592	4
half	0.100513766302	0.899486233698	1
than	0.152957835116	0.847042164884	2
policies	0.260548983576	0.739451016424	1
countries	0.260548983576	0.739451016424	3
economies	0.260548983576	0.739451016424	2
will	0.116587533815	0.883412466185	1
international	0.299868797853	0.700131202147	1
interest	0.299868797853	0.700131202147	2
raise	0.309494451295	0.690505548705	1
recapitalise	0.309494451295	0.690505548705	1
it	0.234872852224	0.765127147776	13
it	0.234872852224	0.765127147776	13
it	0.234872852224	0.765127147776	13
italy?	0.234872852224	0.765127147776	2
italian	0.234872852224	0.765127147776	2
its	0.234872852224	0.765127147776	7
italy	0.234872852224	0.765127147776	4
credit	0.234872852224	0.765127147776	1
major	0.299079754601	0.700920245399	1
lack	0.0602318548387	0.939768145161	1
latest	0.232272641687	0.767727358313	1
main	0.315836530334	0.684163469666	2
main	0.315938303342	0.684061696658	2
dilemmas	0.57526101223	0.42473898777	1
measures	0.0964644260148	0.903535573985	2
meeting	0.532416462498	0.467583537502	1
meet	0.532416462498	0.467583537502	2
most	0.20700610998	0.79299389002	2
must	0.333709600128	0.666290399872	2
5bn)	0.52246775651	0.47753224349	1
need	0.329376976115	0.670623023885	1
neil	0.329376976115	0.670623023885	2
new	0.329376976115	0.670623023885	2
next	0.329376976115	0.670623023885	2
net	0.329376976115	0.670623023885	1
negative	0.329376976115	0.670623023885	1
eurozone	0.329376976115	0.670623023885	8
needed	0.329376976115	0.670623023885	2
warned	0.0866825503417	0.913317449658	2
examined	0.0866825503417	0.913317449658	1
turned	0.0866825503417	0.913317449658	1
explained	0.0866825503417	0.913317449658	1
next	0.255129856514	0.744870143486	2
not	0.292092531987	0.707907468013	2
no	0.292092531987	0.707907468013	1
no	0.292092531987	0.707907468013	1
no	0.292092531987	0.707907468013	1
noted	0.292092531987	0.707907468013	1
domino	0.292092531987	0.707907468013	2
mackinnon	0.333371629902	0.666628370098	2
against	0.120786068062	0.879213931938	1
any	0.261816060562	0.738183939438	1
many	0.261816060562	0.738183939438	2
germany	0.261816060562	0.738183939438	1
oecd	0.841666666667	0.158333333333	5
oecd	0.942857142857	0.0571428571429	5
timesome	0.27549462207	0.72450537793	1
some	0.27549462207	0.72450537793	1
economy	0.400344488189	0.599655511811	2
mackinnon	0.179814445284	0.820185554716	2
17-nation	0.179814445284	0.820185554716	1
region	0.179814445284	0.820185554716	1
organisation	0.179814445284	0.820185554716	2
resolution	0.179814445284	0.820185554716	1
co-operation	0.179814445284	0.820185554716	1
only	0.179814445284	0.820185554716	2
million	0.179814445284	0.820185554716	1
auction	0.179814445284	0.820185554716	4
organization	0.179814445284	0.820185554716	1
reaction	0.179814445284	0.820185554716	1
on	0.179814445284	0.820185554716	12
on	0.179814445284	0.820185554716	12
on	0.179814445284	0.820185554716	12
recession	0.179814445284	0.820185554716	1
second	0.31401775247	0.68598224753	1
raymond	0.31401775247	0.68598224753	1
room	0.338688290494	0.661311709506	1
report	0.311533283153	0.688466716847	1
loss	0.267127761768	0.732872238232	3
both	0.154976090147	0.845023909853	1
owed	0.331929824561	0.668070175439	1
owed	0.0102040816327	0.989795918367	1
people	0.274655802192	0.725344197808	1
policies	0.380882313953	0.619117686047	1
policymakers	0.380882313953	0.619117686047	1
quote	0.260636621494	0.739363378506	1
raise	0.388892132657	0.611107867343	1
raymond	0.388892132657	0.611107867343	1
rally	0.388892132657	0.611107867343	1
rate	0.388892132657	0.611107867343	2
rather	0.388892132657	0.611107867343	1
rates	0.388892132657	0.611107867343	1
record	0.158817233075	0.841182766925	2
resulting	0.00970285021225	0.990297149788	1
return	0.283399907425	0.716600092575	1
risk	0.163498098859	0.836501901141	1
benchmark	0.397477655485	0.602522344515	1
work	0.397477655485	0.602522344515	1
rose	0.486763450043	0.513236549957	1
royal	0.81654676259	0.18345323741	1
same	0.286489537996	0.713510462004	1
losses	0.204404002951	0.795595997049	2
responses	0.204404002951	0.795595997049	1
first	0.296632738847	0.703367261153	1
stagnant	0.296632738847	0.703367261153	1
highest	0.296632738847	0.703367261153	1
interest	0.296632738847	0.703367261153	2
last	0.296632738847	0.703367261153	1
latest	0.296632738847	0.703367261153	1
stocks	0.296632738847	0.703367261153	1
against	0.296632738847	0.703367261153	1
most	0.296632738847	0.703367261153	2
cost	0.296632738847	0.703367261153	1
stiglitz:	0.296632738847	0.703367261153	1
lost	0.296632738847	0.703367261153	1
best	0.296632738847	0.703367261153	2
step	0.296632738847	0.703367261153	1
start	0.296632738847	0.703367261153	1
stock	0.296632738847	0.703367261153	3
stalled	0.296632738847	0.703367261153	1
unrest	0.296632738847	0.703367261153	3
must	0.296632738847	0.703367261153	2
forecast	0.296632738847	0.703367261153	2
least	0.296632738847	0.703367261153	1
story	0.296632738847	0.703367261153	3
such	0.111514638939	0.888485361061	1
take	0.178412067126	0.821587932874	3
total	0.331522765107	0.668477234893	1
taly's	0.331522765107	0.668477234893	1
capital	0.331522765107	0.668477234893	3
target	0.184042824369	0.815957175631	1
matter	0.361184287594	0.638815712406	2
terms	0.361184287594	0.638815712406	2
after	0.361184287594	0.638815712406	1
their	0.148928076354	0.851071923646	2
the	0.148928076354	0.851071923646	67
the	0.148928076354	0.851071923646	67
the	0.148928076354	0.851071923646	67
they	0.148928076354	0.851071923646	2
there	0.148928076354	0.851071923646	1
fridaythe	0.148928076354	0.851071923646	1
therefore	0.148928076354	0.851071923646	1
themselves	0.148928076354	0.851071923646	1
those	0.169255247408	0.830744752592	1
timesome	0.299526146426	0.700473853574	1
torres	0.419002829595	0.580997170405	1
treasury	0.301428806044	0.698571193956	1
country	0.240135604558	0.759864395442	1
defaults	0.291629234982	0.708370765018	1
results	0.291629234982	0.708370765018	1
markets	0.291629234982	0.708370765018	2
experts	0.291629234982	0.708370765018	1
forecasts	0.291629234982	0.708370765018	2
its	0.291629234982	0.708370765018	7
unrest	0.324937599274	0.675062400726	3
labour	0.207904807362	0.792095192638	2
four	0.207904807362	0.792095192638	1
our	0.207904807362	0.792095192638	1
return	0.25163005634	0.74836994366	1
was	0.0279648960683	0.972035103932	3
was	0.0279648960683	0.972035103932	3
was	0.0279648960683	0.972035103932	3
week	0.210307314383	0.789692685617	1
woes	0.220379146919	0.779620853081	1
work	0.0906347216418	0.909365278358	1
