06%	0.0237064397953	0.976293560205	1
10-year	0.104619565217	0.895380434783	1
4	0.0	1.0	2
5bn)	0.0	1.0	1
7%	0.00350385423966	0.99649614576	3
7%	0.00350385423966	0.99649614576	3
7%bnp	0.00350385423966	0.99649614576	1
7%	0.00350385423966	0.99649614576	3
act	0.27886894578	0.72113105422	2
act	0.27886894578	0.72113105422	2
act	0.27886894578	0.72113105422	2
said	0.15293480089	0.84706519911	10
paid	0.15293480089	0.84706519911	1
contain	0.249977366963	0.750022633037	1
main	0.249977366963	0.750022633037	2
area	0.0651242793092	0.934875720691	1
temporary	0.555912240004	0.444087759996	2
glossary	0.555912240004	0.444087759996	1
paribas	0.141548402192	0.858451597808	1
was	0.141548402192	0.858451597808	3
dilemmas	0.141548402192	0.858451597808	1
has	0.141548402192	0.858451597808	4
as	0.141548402192	0.858451597808	6
as	0.141548402192	0.858451597808	6
as	0.141548402192	0.858451597808	6
bank	0.571493418066	0.428506581934	1
begun	0.120703138282	0.879296861718	1
breathing	0.414489844431	0.585510155569	1
brussels	0.414489844431	0.585510155569	1
brief	0.414489844431	0.585510155569	1
breathing	0.152923538231	0.847076461769	1
burden	0.091280653951	0.908719346049	1
climbing	0.437562279192	0.562437720808	1
countries	0.10892134436	0.89107865564	3
cut	0.180699882042	0.819300117958	2
cut	0.180699882042	0.819300117958	2
cut	0.180699882042	0.819300117958	2
deeper	0.276867848328	0.723132151672	1
gdp	0.800191662674	0.199808337326	1
10-year	0.258805079242	0.741194920758	1
year	0.258805079242	0.741194920758	3
earlierbanking	0.258805079242	0.741194920758	1
economies	0.0668257756563	0.933174224344	2
economy	0.329113924051	0.670886075949	2
guarantee	0.338840662164	0.661159337836	1
agreed	0.157739955152	0.842260044848	1
need	0.157739955152	0.842260044848	1
been	0.108831476405	0.891168523595	1
employment	0.259724834208	0.740275165792	3
ended	0.0194085027726	0.980591497227	1
engineered	0.136363636364	0.863636363636	2
highest	0.312479864101	0.687520135899	1
best	0.312479864101	0.687520135899	2
unrest	0.312479864101	0.687520135899	3
latest	0.312479864101	0.687520135899	1
interest	0.312479864101	0.687520135899	2
markets	0.276752423565	0.723247576435	2
euro	0.804059985369	0.195940014631	4
europe's	0.804059985369	0.195940014631	1
euros	0.804059985369	0.195940014631	2
europe	0.804059985369	0.195940014631	2
eurosand	0.804059985369	0.195940014631	1
european	0.804059985369	0.195940014631	1
eurozone	0.804059985369	0.195940014631	8
europe's	0.989090909091	0.0109090909091	1
expand	0.0805145307289	0.919485469271	1
they	0.337117230463	0.662882769537	2
final	0.18966966967	0.81033033033	1
first	0.174450229233	0.825549770767	1
fiscal	0.392501696449	0.607498303551	1
french	0.928391053391	0.0716089466089	1
single	0.534704858364	0.465295141636	1
glossary	0.425394741922	0.574605258078	1
global	0.425394741922	0.574605258078	4
heavily-indebted	0.283535717481	0.716464282519	1
headlines	0.283535717481	0.716464282519	1
highest	0.246221371	0.753778629	1
high	0.246221371	0.753778629	1
higherwith	0.246221371	0.753778629	1
higher	0.246221371	0.753778629	1
highdespite	0.246221371	0.753778629	1
highest	0.0829464562055	0.917053543794	1
however	0.350763807286	0.649236192714	1
italian	0.820770429986	0.179229570014	2
high	0.307129032258	0.692870967742	1
ignite	0.122807017544	0.877192982456	1
china	0.697973139478	0.302026860522	1
increased	0.0490624197277	0.950937580272	1
international	0.647443322853	0.352556677147	1
italian	0.875683558148	0.124316441852	2
italy?	1.0	0.0	2
ignite	0.241297371189	0.758702628811	1
highdespite	0.241297371189	0.758702628811	1
austerity	0.37332256858	0.62667743142	1
opportunity	0.37332256858	0.62667743142	1
sustainability	0.37332256858	0.62667743142	1
possibility	0.37332256858	0.62667743142	1
ability	0.37332256858	0.62667743142	1
japan	0.923797626483	0.0762023735166	1
jumped	0.321129032258	0.678870967742	1
banks	0.349488536596	0.650511463404	4
leadersbanks	0.349488536596	0.650511463404	1
stocks	0.349488536596	0.650511463404	1
leaders	0.131823461092	0.868176538908	5
likely	0.0292019027484	0.970798097252	1
longer-term	0.0348837209302	0.96511627907	1
italy?	0.402219140083	0.597780859917	2
mackinnon	1.0	0.0	2
major	0.175368002852	0.824631997148	1
matter	0.286033777007	0.713966222993	2
million	0.256867478371	0.743132521629	1
need	0.100838495333	0.899161504667	1
needed	0.100838495333	0.899161504667	2
need	0.0885523099732	0.911447690027	1
leadersbanks	0.43489956563	0.56510043437	1
banks	0.43489956563	0.56510043437	4
7%bnp	0.940145985401	0.0598540145985	1
(ilo)	0.425772997887	0.574227002113	1
body	0.332382946496	0.667617053504	1
oecd	0.659449866903	0.340550133097	5
eurozone	0.179423800129	0.820576199871	8
work	0.363606082882	0.636393917118	1
most	0.255125833681	0.744874166319	2
cost	0.255125833681	0.744874166319	1
lost	0.255125833681	0.744874166319	1
four	0.192978821952	0.807021178048	1
labour	0.192978821952	0.807021178048	2
our	0.192978821952	0.807021178048	1
our	0.192978821952	0.807021178048	1
our	0.192978821952	0.807021178048	1
predicted	0.0328515111695	0.96714848883	1
quickly	0.0438247011952	0.956175298805	1
raise	0.0882570162482	0.911742983752	1
raymond	0.504590641423	0.495409358577	1
rbs	0.413319672131	0.586680327869	1
reading	0.235626144521	0.764373855479	2
reached	0.235626144521	0.764373855479	3
reaction	0.235626144521	0.764373855479	1
area	0.235626144521	0.764373855479	1
reading	0.117582203775	0.882417796225	2
world	0.501499118166	0.498500881834	2
same	0.401594781617	0.598405218383	1
say	0.401594781617	0.598405218383	3
said	0.401594781617	0.598405218383	10
same	0.0303671352532	0.969632864747	1
sell	0.342841225627	0.657158774373	1
sharp	0.207532667179	0.792467332821	1
risk	0.310993444859	0.689006555141	1
stagnant	0.0175438596491	0.982456140351	1
step	0.406784890469	0.593215109531	1
stocks	0.27702997251	0.72297002749	1
stock	0.27702997251	0.72297002749	3
story	0.27702997251	0.72297002749	3
suggested	0.283071308849	0.716928691151	1
such	0.283071308849	0.716928691151	1
sustainability	0.283071308849	0.716928691151	1
rates	0.306844313487	0.693155686513	1
they	0.206671781943	0.793328218057	2
turned	0.0227003218702	0.97729967813	1
under	0.137046221671	0.862953778329	1
unsustainable	0.188024463092	0.811975536908	1
future	0.258713178391	0.741286821609	1
euro	0.60643704122	0.39356295878	4
treasury	0.42701786597	0.57298213403	1
previous	0.302849882422	0.697150117578	1
us	0.302849882422	0.697150117578	2
us	0.302849882422	0.697150117578	2
us	0.302849882422	0.697150117578	2
vtb	0.9	0.1	2
vtb	0.9	0.1	2
vtb	0.9	0.1	2
watch	0.270857849492	0.729142150508	1
will	0.102193970277	0.897806029723	1
world	0.461465508635	0.538534491365	2
year	0.291123180341	0.708876819659	3
years	0.291123180341	0.708876819659	3
