taly's	0.586186419633	0.413813580367	1
what's	0.586186419633	0.413813580367	1
europe's	0.586186419633	0.413813580367	1
currency's	0.586186419633	0.413813580367	1
118	0.0311059907834	0.968894009217	1
118	0.0311059907834	0.968894009217	1
118	0.0311059907834	0.968894009217	1
17-nation	0.035384039767	0.964615960233	1
26	0.0433683391676	0.956631660832	1
26	0.0433683391676	0.956631660832	1
26	0.0433683391676	0.956631660832	1
6	0.0	1.0	1
80	0.0570556187511	0.942944381249	1
80	0.0570556187511	0.942944381249	1
80	0.0570556187511	0.942944381249	1
1999	0.0418988853503	0.95810111465	1
agricole	0.349122874362	0.650877125638	1
agreed	0.349122874362	0.650877125638	1
analysis	0.456780981078	0.543219018922	1
commerzbank	0.598447792343	0.401552207657	1
bank	0.598447792343	0.401552207657	1
rate	0.285089113363	0.714910886637	2
debate	0.285089113363	0.714910886637	1
appropriate	0.285089113363	0.714910886637	2
auction	0.541202443908	0.458797556092	4
austerity	0.541202443908	0.458797556092	1
back	0.220750796509	0.779249203491	1
background	0.220750796509	0.779249203491	1
background	0.191034131431	0.808965868569	1
being	0.144923054968	0.855076945032	1
best	0.38489677931	0.61510322069	2
bonds	0.255972696246	0.744027303754	1
debt	0.29745680867	0.70254319133	6
fiscal	0.306506430801	0.693493569199	1
called	0.306506430801	0.693493569199	2
cannes	0.953125	0.046875	1
capital	0.325271376881	0.674728623119	3
credit	0.258583026692	0.741416973308	1
created	0.258583026692	0.741416973308	2
cropping	0.397323888233	0.602676111767	1
cropping	0.133333333333	0.866666666667	1
dropped	0.310159791899	0.689840208101	1
dramatically	0.310159791899	0.689840208101	1
neil	0.539792387543	0.460207612457	2
levels	0.130965732087	0.869034267913	3
brussels	0.130965732087	0.869034267913	1
employment	0.471071663379	0.528928336621	3
engineered	0.563734290844	0.436265709156	2
longer-term	0.139215095855	0.860784904145	1
expected	0.0190269749518	0.980973025048	1
explained	0.0424778761062	0.957522123894	1
failed	0.217313626766	0.782686373234	2
fairly	0.217313626766	0.782686373234	1
forecasts	0.137524557957	0.862475442043	2
four	0.182366589327	0.817633410673	1
fridaythe	1.0	0.0	1
message	0.312846344805	0.687153655195	1
germany	0.312846344805	0.687153655195	1
verge	0.312846344805	0.687153655195	1
advantage	0.312846344805	0.687153655195	1
generally	0.312846344805	0.687153655195	1
generale	0.312846344805	0.687153655195	1
generalised	0.312846344805	0.687153655195	1
get	0.312846344805	0.687153655195	1
generale	0.320866961204	0.679133038796	1
generalised	0.320866961204	0.679133038796	1
generally	0.320866961204	0.679133038796	1
ago	0.334711235898	0.665288764102	1
guarantee	0.137797185832	0.862202814168	1
this	0.243060042466	0.756939957534	4
however	0.413157138112	0.586842861888	1
economic	0.364197697034	0.635802302966	3
meanwhile	0.27880040144	0.72119959856	1
ilo	0.768518518519	0.231481481481	3
ilo	0.768518518519	0.231481481481	3
ilo	0.768518518519	0.231481481481	3
imperative	0.263824739076	0.736175260924	1
important	0.263824739076	0.736175260924	1
implemented	0.263824739076	0.736175260924	1
implement	0.263824739076	0.736175260924	1
imperative	0.0357142857143	0.964285714286	1
important	0.0810663764962	0.918933623504	1
increased	0.20438597844	0.79561402156	1
imperative	0.257504007741	0.742495992259	1
negative	0.257504007741	0.742495992259	1
five	0.257504007741	0.742495992259	1
market	0.322623914154	0.677376085846	1
lack	0.262629533679	0.737370466321	1
lost	0.397867551777	0.602132448223	1
losses	0.397867551777	0.602132448223	2
loss	0.397867551777	0.602132448223	3
also	0.0719761292514	0.928023870749	5
million	0.411934528603	0.588065471397	1
amid	0.43623455167	0.56376544833	1
million	0.104454545455	0.895545454545	1
more	0.223957703647	0.776042296353	3
terms	0.334097839402	0.665902160598	2
negative	0.161594963274	0.838405036726	1
neil	0.944285714286	0.0557142857143	2
jobs	0.263991689391	0.736008310609	4
europe	0.302884098645	0.697115901355	2
bailout	0.108767463709	0.891232536291	1
out	0.108767463709	0.891232536291	1
out	0.108767463709	0.891232536291	1
out	0.108767463709	0.891232536291	1
over	0.117352782644	0.882647217356	3
paid	0.165185862677	0.834814137323	1
paid	0.120267726417	0.879732273583	1
people	0.123064312736	0.876935687264	1
policies	0.162409249798	0.837590750202	1
raymond	0.942857142857	0.0571428571429	1
record	0.36680694165	0.63319305835	2
recapitalise	0.207413666371	0.792586333629	1
recovery	0.207413666371	0.792586333629	1
recession	0.207413666371	0.792586333629	1
record	0.207413666371	0.792586333629	2
recent	0.207413666371	0.792586333629	1
responses	0.162962962963	0.837037037037	1
restore	0.151300236407	0.848699763593	2
return	0.219534578827	0.780465421173	1
rising	0.466802468042	0.533197531958	2
risk	0.466802468042	0.533197531958	1
rising	0.249307479224	0.750692520776	2
return	0.363991420731	0.636008579269	1
from	0.118494182506	0.881505817494	3
borrow	0.252910498867	0.747089501133	1
scotland	0.401391711255	0.598608288745	1
scores	0.401391711255	0.598608288745	1
sell	0.288174057131	0.711825942869	1
single	0.102044907779	0.897955092221	1
slowing	0.234828897338	0.765171102662	1
slowdown	0.234828897338	0.765171102662	2
previously	0.09657555765	0.90342444235	1
sold	0.250327788249	0.749672211751	1
sold	0.116934641888	0.883065358112	1
step	0.255107455559	0.744892544441	1
vtb	0.702364394993	0.297635605007	2
thrashed	0.109114784892	0.890885215108	1
themselves	0.184568551354	0.815431448646	1
vtb	0.774403470716	0.225596529284	2
were	0.0909242145715	0.909075785429	2
lower	0.0909242145715	0.909075785429	2
what's	0.631991864013	0.368008135987	1
who	0.0899953878084	0.910004612192	1
who	0.0899953878084	0.910004612192	1
who	0.0899953878084	0.910004612192	1
will	0.134441159211	0.865558840789	1
window	0.134441159211	0.865558840789	1
with	0.134441159211	0.865558840789	3
window	0.395145738668	0.604854261332	1
with	0.0626054654946	0.937394534505	3
world	0.219641716935	0.780358283065	2
work	0.219641716935	0.780358283065	1
italy?	0.300407755679	0.699592244321	2
