0	0.0	1.0	2
2011	0.0401176152494	0.959882384751	4
118	0.0401176152494	0.959882384751	1
2012	0.0272211598322	0.972778840168	3
g20	0.0272211598322	0.972778840168	3
2011	0.0272211598322	0.972778840168	4
3%	0.0101710587147	0.989828941285	4
3%	0.0101710587147	0.989828941285	4
3%	0.0101710587147	0.989828941285	4
50%	0.00294767870302	0.997052321297	1
50%	0.00294767870302	0.997052321297	1
50%	0.00294767870302	0.997052321297	1
ability	0.0294763248667	0.970523675133	1
agreed	0.034961154273	0.965038845727	1
any	0.125867804182	0.874132195818	1
any	0.125867804182	0.874132195818	1
any	0.125867804182	0.874132195818	1
germany	0.125867804182	0.874132195818	1
many	0.125867804182	0.874132195818	2
arab	0.706916482034	0.293083517966	1
benchmark	0.492580086195	0.507419913805	1
forecast	0.311368437524	0.688631562476	2
least	0.311368437524	0.688631562476	1
last	0.311368437524	0.688631562476	1
day	0.327349240938	0.672650759062	3
thursday	0.327349240938	0.672650759062	3
may	0.327349240938	0.672650759062	2
way	0.327349240938	0.672650759062	1
friday	0.327349240938	0.672650759062	1
say	0.327349240938	0.672650759062	3
banking	0.305799648506	0.694200351494	1
9bn	0.693262411348	0.306737588652	1
5bn	0.693262411348	0.306737588652	1
1bn	0.693262411348	0.306737588652	1
capital	0.380561277034	0.619438722966	3
china	0.536908701577	0.463091298423	1
closed	0.334854427515	0.665145572485	1
co-operation	0.309090909091	0.690909090909	1
confidence	0.0709838107098	0.92901618929	3
contain	0.0193602693603	0.98063973064	1
country	0.228013314646	0.771986685354	1
created	0.0710206624442	0.928979337556	2
crisis	0.270907283828	0.729092716172	6
day	0.348644236477	0.651355763523	3
day	0.348644236477	0.651355763523	3
thursday	0.348644236477	0.651355763523	3
day	0.348644236477	0.651355763523	3
friday	0.348644236477	0.651355763523	1
deal	0.28470668353	0.71529331647	3
defaults	0.0801687763713	0.919831223629	1
domino	0.507936507937	0.492063492063	2
double-dip	0.27776352911	0.72223647089	1
due	0.161144219309	0.838855780691	1
due	0.161144219309	0.838855780691	1
due	0.161144219309	0.838855780691	1
earlierbanking	0.308155780216	0.691844219784	1
area	0.308155780216	0.691844219784	1
european	0.566327368248	0.433672631752	1
meet	0.34171380683	0.65828619317	2
greek	0.395039044557	0.604960955443	1
week	0.395039044557	0.604960955443	1
societe	0.23913867617	0.76086132383	1
eu	0.646605185473	0.353394814527	5
europe	0.646605185473	0.353394814527	2
eu	0.646605185473	0.353394814527	5
euros	0.646605185473	0.353394814527	2
eu	0.646605185473	0.353394814527	5
eurosand	0.646605185473	0.353394814527	1
europe's	0.646605185473	0.353394814527	1
euro	0.646605185473	0.353394814527	4
european	0.646605185473	0.353394814527	1
eurozone	0.646605185473	0.353394814527	8
europe	0.887670666115	0.112329333885	2
euros	0.531453362256	0.468546637744	2
examined	0.119487532426	0.880512467574	1
face	0.237965020224	0.762034979776	1
faced	0.237965020224	0.762034979776	1
fiscal	0.413274336283	0.586725663717	1
germany	0.422444356052	0.577555643948	1
anger	0.422444356052	0.577555643948	1
glance	0.290830055889	0.709169944111	1
glossary	0.587871287129	0.412128712871	1
greece	0.338915598905	0.661084401095	1
greek	0.338915598905	0.661084401095	1
growth	0.360533142875	0.639466857125	9
group	0.360533142875	0.639466857125	2
hoped	0.00608828006088	0.993911719939	1
brief	0.32020124499	0.67979875501	1
ignite	0.354082562834	0.645917437166	1
big	0.354082562834	0.645917437166	1
ignite	0.453607132372	0.546392867628	1
breathing	0.202071688831	0.797928311169	1
reading	0.202071688831	0.797928311169	2
earlierbanking	0.202071688831	0.797928311169	1
banking	0.202071688831	0.797928311169	1
gaining	0.202071688831	0.797928311169	1
cropping	0.202071688831	0.797928311169	1
rising	0.202071688831	0.797928311169	2
charting	0.202071688831	0.797928311169	1
being	0.202071688831	0.797928311169	1
turning	0.202071688831	0.797928311169	1
climbing	0.202071688831	0.797928311169	1
trading	0.202071688831	0.797928311169	1
having	0.202071688831	0.797928311169	2
resulting	0.202071688831	0.797928311169	1
slowing	0.202071688831	0.797928311169	1
borrowing	0.202071688831	0.797928311169	2
meeting	0.202071688831	0.797928311169	1
italy?	0.726366559486	0.273633440514	2
italian	0.726366559486	0.273633440514	2
italy	0.726366559486	0.273633440514	4
take	0.258888370246	0.741111629754	3
bold	0.195475935331	0.804524064669	1
sold	0.195475935331	0.804524064669	1
would	0.195475935331	0.804524064669	2
world	0.195475935331	0.804524064669	2
bloc	0.271761340417	0.728238659583	1
lower	0.203035893995	0.796964106005	2
follow	0.203035893995	0.796964106005	1
meanwhile	0.697674418605	0.302325581395	1
moment	0.0660331384016	0.933966861598	2
noted	0.0145199063232	0.985480093677	1
continue	0.447144592953	0.552855407047	2
organisation	0.192929398269	0.807070601731	2
organization	0.192929398269	0.807070601731	1
quote	0.283228058954	0.716771941046	1
our	0.173934285022	0.826065714978	1
out	0.173934285022	0.826065714978	1
paribas	1.0	0.0	1
particularly	0.0278876170656	0.972112382934	1
possibility	0.418249823715	0.581750176285	1
previously	0.0681003584229	0.931899641577	1
quote	0.343797856049	0.656202143951	1
rally	0.49138712602	0.50861287398	1
rate	0.279288437103	0.720711562897	2
rather	0.0701495474223	0.929850452578	1
reached	0.00593119810202	0.994068801898	3
region	0.255675993384	0.744324006616	1
regularly	0.255675993384	0.744324006616	1
resolution	0.228653661657	0.771346338343	1
results	0.278950300179	0.721049699821	1
verge	0.290964467005	0.709035532995	1
terms	0.306638339799	0.693361660201	2
second	0.229190164674	0.770809835326	1
separately	0.768042240498	0.231957759502	1
separately	0.0821052631579	0.917894736842	1
shares	0.140756302521	0.859243697479	1
start	0.336026642527	0.663973357473	1
stalled	0.336026642527	0.663973357473	1
stagnant	0.336026642527	0.663973357473	1
start	0.207268951194	0.792731048806	1
stock	0.332682487233	0.667317512767	3
guarantee	0.403267842823	0.596732157177	1
themselves	0.00773195876289	0.992268041237	1
therefore	0.202859455085	0.797140544915	1
thursday	0.977096114519	0.0229038854806	3
total	0.333711790393	0.666288209607	1
due	0.276054401575	0.723945598425	1
rescue	0.276054401575	0.723945598425	1
continue	0.276054401575	0.723945598425	2
must	0.267674882975	0.732325117025	2
week	0.233604826546	0.766395173454	1
window	0.388214565388	0.611785434612	1
years	0.109215211508	0.890784788492	3
