($12	0.0228108903606	0.977189109639	1
($12	0.0204778156997	0.9795221843	1
($12	0.0	1.0	1
(ilo)	0.440918051253	0.559081948747	1
(ilo)	1.0	0.0	1
-	0.0	1.0	2
50%	0.0137755102041	0.986224489796	1
118	0.0362955556028	0.963704444397	1
1tn	0.579439252336	0.420560747664	1
45	0.032517831122	0.967482168878	1
45	0.032517831122	0.967482168878	1
45	0.032517831122	0.967482168878	1
7	0.0	1.0	1
9bn	0.5	0.5	1
9bn	0.0526315789474	0.947368421053	1
9bn	0.0526315789474	0.947368421053	1
9bn	0.0526315789474	0.947368421053	1
ability	0.216974267606	0.783025732394	1
arab	0.216974267606	0.783025732394	1
accepted	0.207804761144	0.792195238856	1
advanced	0.301991433321	0.698008566679	1
advantage	0.301991433321	0.698008566679	1
after	0.26721903486	0.73278096514	1
take	0.232882841888	0.767117158112	3
financial	0.320379097532	0.679620902468	1
external	0.320379097532	0.679620902468	1
also	0.320379097532	0.679620902468	5
royal	0.320379097532	0.679620902468	1
social	0.320379097532	0.679620902468	3
global	0.320379097532	0.679620902468	4
fiscal	0.320379097532	0.679620902468	1
total	0.320379097532	0.679620902468	1
capital	0.320379097532	0.679620902468	3
final	0.320379097532	0.679620902468	1
international	0.320379097532	0.679620902468	1
deal	0.320379097532	0.679620902468	3
anger	0.338888888889	0.661111111111	1
avoid	0.267325278196	0.732674721804	1
back	0.392413817355	0.607586182645	1
banking	0.392413817355	0.607586182645	1
barclays	0.392413817355	0.607586182645	2
banks	0.392413817355	0.607586182645	4
bank	0.392413817355	0.607586182645	1
bailout	0.392413817355	0.607586182645	1
background	0.392413817355	0.607586182645	1
banking	0.451308727299	0.548691272701	1
banks	0.451308727299	0.548691272701	4
bank	0.451308727299	0.548691272701	1
both	0.175555743386	0.824444256614	1
brussels	0.912547528517	0.0874524714829	1
burden	0.322470109246	0.677529890754	1
buys	0.322470109246	0.677529890754	1
but	0.322470109246	0.677529890754	5
business	0.322470109246	0.677529890754	1
called	0.020406824147	0.979593175853	2
came	0.339131228326	0.660868771674	2
china	0.927257866776	0.0727421332244	1
co-operation	0.214652273934	0.785347726066	1
cost	0.367306056365	0.632693943635	1
crisis	0.264429109159	0.735570890841	6
act	0.333897578557	0.666102421443	2
effect	0.333897578557	0.666102421443	2
protect	0.333897578557	0.666102421443	1
affect	0.333897578557	0.666102421443	1
debate	0.100558659218	0.899441340782	1
debt	0.24887104867	0.75112895133	6
decisively	0.0172413793103	0.98275862069	1
under	0.252894394576	0.747105605424	1
dilemmas	0.252388670305	0.747611329695	1
discontent	0.252388670305	0.747611329695	1
dropped	0.23947454844	0.76052545156	1
bonds	0.304030364689	0.695969635311	1
lloyds	0.304030364689	0.695969635311	1
europe's	0.549790356394	0.450209643606	1
debt	0.254730713246	0.745269286754	6
effect	0.170753783653	0.829246216347	2
higher	0.316318106859	0.683681893141	1
lower	0.316318106859	0.683681893141	2
under	0.316318106859	0.683681893141	1
however	0.316318106859	0.683681893141	1
per	0.316318106859	0.683681893141	1
anger	0.316318106859	0.683681893141	1
matter	0.316318106859	0.683681893141	2
over	0.316318106859	0.683681893141	3
after	0.316318106859	0.683681893141	1
october	0.316318106859	0.683681893141	1
deeper	0.316318106859	0.683681893141	1
rather	0.316318106859	0.683681893141	1
essentials	0.667546174142	0.332453825858	1
european	0.964916615195	0.0350833848054	1
failed	0.0399849113542	0.960015088646	2
five	0.266258780875	0.733741219125	1
forcefully	0.0	1.0	1
future	0.210484172316	0.789515827684	1
gaining	0.211038140945	0.788961859055	1
gaining	0.120910384068	0.879089615932	1
gdp	0.983754512635	0.0162454873646	1
gdp	0.983754512635	0.0162454873646	1
gdp	0.983754512635	0.0162454873646	1
generale	0.897435897436	0.102564102564	1
generalised	0.133333333333	0.866666666667	1
guide	0.554158166802	0.445841833198	1
headlines	0.182455308629	0.817544691371	1
heavily-indebted	0.182455308629	0.817544691371	1
the	0.182455308629	0.817544691371	67
fridaythe	0.182455308629	0.817544691371	1
thrashed	0.134455832113	0.865544167887	1
reached	0.134455832113	0.865544167887	3
hoped	0.33525691208	0.66474308792	1
who	0.33525691208	0.66474308792	1
however	0.33525691208	0.66474308792	1
said	0.284143391247	0.715856608753	10
paid	0.284143391247	0.715856608753	1
amid	0.284143391247	0.715856608753	1
avoid	0.284143391247	0.715856608753	1
implement	0.0736906211937	0.926309378806	1
in	0.140770285194	0.859229714806	24
in	0.140770285194	0.859229714806	24
in	0.140770285194	0.859229714806	24
main	0.140770285194	0.859229714806	2
interest	0.140770285194	0.859229714806	2
contain	0.140770285194	0.859229714806	1
increased	0.140770285194	0.859229714806	1
international	0.140770285194	0.859229714806	1
investors	0.140770285194	0.859229714806	1
higherwith	0.0773918571963	0.922608142804	1
with	0.0773918571963	0.922608142804	3
japan	0.915427938325	0.0845720616748	1
jobs	0.264864573217	0.735135426783	4
latest	0.338279921213	0.661720078787	1
last	0.338279921213	0.661720078787	1
labour	0.338279921213	0.661720078787	2
lack	0.338279921213	0.661720078787	1
plan	0.374005691004	0.625994308996	1
latest	0.261373840168	0.738626159832	1
lloyds	1.0	0.0	1
mackinnon	0.591845657758	0.408154342242	2
matter	0.0891318327974	0.910868167203	2
message	0.331179758653	0.668820241347	1
more	0.206512975637	0.793487024363	3
most	0.242633564728	0.757366435272	2
much	0.0757879157235	0.924212084277	2
external	0.384118934528	0.615881065472	1
international	0.384118934528	0.615881065472	1
final	0.384118934528	0.615881065472	1
bonds	0.200195424032	0.799804575968	1
needed	0.052608311229	0.947391688771	2
decisions	0.293445342232	0.706554657768	1
concerns	0.293445342232	0.706554657768	1
origins	0.293445342232	0.706554657768	1
options	0.293445342232	0.706554657768	1
perceptions	0.293445342232	0.706554657768	1
projections	0.293445342232	0.706554657768	1
opportunity	0.159301174749	0.840698825251	1
organisation	0.104320003473	0.895679996527	2
for	0.104320003473	0.895679996527	8
major	0.104320003473	0.895679996527	1
origins	0.104320003473	0.895679996527	1
organization	0.104320003473	0.895679996527	1
record	0.348996514842	0.651003485158	2
put	0.0962222533882	0.903777746612	1
put	0.0962222533882	0.903777746612	1
put	0.0962222533882	0.903777746612	1
quickly	0.20200028173	0.79799971827	1
reading	0.226985442391	0.773014557609	2
research	0.226985442391	0.773014557609	1
were	0.226985442391	0.773014557609	2
more	0.226985442391	0.773014557609	3
regularly	0.226985442391	0.773014557609	1
record	0.226985442391	0.773014557609	2
resulting	0.226985442391	0.773014557609	1
recent	0.226985442391	0.773014557609	1
reaction	0.226985442391	0.773014557609	1
respectively	0.226985442391	0.773014557609	1
recovery	0.226985442391	0.773014557609	1
future	0.226985442391	0.773014557609	1
rescue	0.226985442391	0.773014557609	1
recession	0.226985442391	0.773014557609	1
resolution	0.226985442391	0.773014557609	1
reached	0.226985442391	0.773014557609	3
therefore	0.226985442391	0.773014557609	1
results	0.226985442391	0.773014557609	1
restore	0.226985442391	0.773014557609	2
restore	0.226985442391	0.773014557609	2
responses	0.226985442391	0.773014557609	1
return	0.226985442391	0.773014557609	1
recapitalise	0.226985442391	0.773014557609	1
report	0.226985442391	0.773014557609	1
region	0.226985442391	0.773014557609	1
there	0.226985442391	0.773014557609	1
reprieve	0.226985442391	0.773014557609	2
considered	0.211722212629	0.788277787371	1
measured	0.211722212629	0.788277787371	1
engineered	0.211722212629	0.788277787371	2
shared	0.211722212629	0.788277787371	1
regularly	0.0297973778308	0.970202622169	1
research	0.422750546027	0.577249453973	1
room	0.478860880257	0.521139119743	1
euro	0.478860880257	0.521139119743	4
royal	0.478860880257	0.521139119743	1
rose	0.478860880257	0.521139119743	1
room	0.313958125623	0.686041874377	1
first	0.197609258842	0.802390741158	1
experts	0.354410401946	0.645589598054	1
country	0.37261051867	0.62738948133	1
glossary	0.37261051867	0.62738948133	1
treasury	0.37261051867	0.62738948133	1
story	0.37261051867	0.62738948133	3
temporary	0.37261051867	0.62738948133	2
recovery	0.37261051867	0.62738948133	1
s	0.308350246448	0.691649753552	5
scores	0.592491838955	0.407508161045	1
scotland	0.592491838955	0.407508161045	1
second	0.324194535191	0.675805464809	1
crisis	0.308667511844	0.691332488156	6
pre-crisis	0.308667511844	0.691332488156	2
analysis	0.308667511844	0.691332488156	1
slowdown	0.0552147239264	0.944785276074	2
societe	0.489145709671	0.510854290329	1
social	0.489145709671	0.510854290329	3
some	0.143273529354	0.856726470646	1
stocks	0.37440381558	0.62559618442	1
such	0.0570222002029	0.942977799797	1
suggested	0.131231284129	0.868768715871	1
sustainability	0.371772805508	0.628227194492	1
terms	0.37972027972	0.62027972028	2
this	0.248737921904	0.751262078096	4
thrashed	0.0909090909091	0.909090909091	1
currently	0.0900712525804	0.90992874742	1
promptly	0.0900712525804	0.90992874742	1
torres	0.913043478261	0.0869565217391	1
two	0.211796211282	0.788203788718	1
would	0.0548945701176	0.945105429882	2
warned	0.0238473767886	0.976152623211	2
watch	0.336616883805	0.663383116195	1
were	0.0187737384699	0.98122626153	2
would	0.0294387108943	0.970561289106	2
taly's	0.606679985656	0.393320014344	1
currency's	0.606679985656	0.393320014344	1
